2099
8820
2698
9670
2642
8905
4125
8847
2458
2123
8530
2706
683
7385
8795
3341
5511
1064
4454
4358
3766
6236
3218
5796
3977
7982
4922
8890
1173
6768
1425
2462
5783
7095
4845
1810
6516
2123
1424
7556
9832
3566
6427
2276
7247
4644
7480
8491
642
5611
7097
2645
9861
1553
246
8614
9182
8688
9314
2565
7862
6443
1674
9846
6077
7454
85
3995
3206
9501
9991
4774
1565
7030
6681
7988
9696
6840
7783
5512
7384
3301
3355
5864
2578
8648
1981
1457
6011
1979
9325
4401
8063
3873
1729
4042
8777
9248
4711
3190
9041
3015
4640
370
8898
5977
1175
7966
8190
4201
5879
5018
3051
5869
898
1725
9935
7457
9379
1956
4744
9195
4346
3278
5368
9243
4157
465
7795
4058
7707
369
4863
5034
2244
3126
5363
8770
8285
6847
8735
9722
2696
3310
9455
9941
1132
4217
8522
5266
3238
6979
2327
2913
9913
1341
384
6425
540
5982
6761
5776
7399
8802
1321
9837
1913
5629
4201
8368
3842
6886
7751
5274
288
3001
8848
6238
8075
183
6003
6552
3788
4587
7430
8645
251
2209
2220
7411
6763
9349
6949
6541
7715
4346
4399
4128
4907
2491
4498
7349
770
4510
5439
7060
4469
6998
6378
7011
8615
6218
5818
1711
600
8860
5059
1615
9147
4964
4080
1618
7239
1275
1111
9615
4772
8143
2694
9509
7626
3169
3894
7218
4852
5393
6621
2656
3936
9195
3218
101
2719
4436
4070
5615
439
6324
967
9040
7155
5223
8914
4773
5949
9020
421
7929
7589
8615
9662
7312
1682
5885
4901
157
5718
5589
6425
7838
7402
1853
4298
5201
1565
8298
5163
9564
6906
2726
1237
976
630
8699
4095
1833
6788
6822
1690
8441
3522
6978
6584
947
7506
2667
4392
7842
6042
4873
5112
4908
6648
3620
8428
1616
7737
5493
9756
6193
2034
7087
373
6076
7583
9436
4923
6078
5480
5956
8175
6665
5779
4137
1904
1150
7226
7514
936
3381
4866
5011
456
1148
2303
6515
1568
6762
7675
8743
8213
7750
6595
6382
4035
9591
5929
8767
5643
3453
8387
3324
3976
2371
8558
5877
2555
3699
5212
1168
6215
7255
7079
8985
9636
8639
919
6920
7839
2891
172
4572
8498
1902
123
2223
6398
17
1400
2257
2508
2007
7446
6489
1864
2673
6166
8740
4322
3400
8719
9666
3154
8282
668
3742
4138
3782
6160
5806
86
989
64
6554
9793
9294
3562
9994
8724
8937
1302
1280
1566
9887
2195
4874
7037
5413
2086
5163
9387
4265
9489
3640
7464
9433
6124
9056
6532
8748
1760
2489
5051
7734
6214
472
7213
6295
7475
7553
6465
8779
6416
7225
5589
2682
9353
7286
4613
1674
1096
3476
1751
4052
9454
3272
7734
8709
9310
2535
4940
3777
3480
9427
9175
5151
5542
4632
7179
6558
5818
1463
5546
3105
8258
5508
6835
5589
2475
5735
6904
2423
1150
2672
7460
1230
6584
2127
4806
8229
1064
5405
2180
9406
3187
9130
6828
6626
4892
5085
9697
187
3230
945
7180
8372
4362
6229
9473
2653
9279
2113
4863
2588
5780
1489
9411
7456
2017
1468
6429
4919
8290
6269
418
1697
191
5873
9131
6441
293
5120
8130
5074
8960
9727
881
9505
2272
388
6721
6923
7274
5440
6094
8301
5882
7080
6056
7991
5929
2058
4650
4004
4483
4018
211
7894
1378
9068
5686
1158
6465
3550
3172
4556
1468
1193
1822
5604
2179
5280
7695
436
1848
4202
5456
2263
281
1689
8908
1160
1028
3188
932
3285
8333
3486
9235
3544
8856
1841
912
7689
3950
5524
4819
2394
7211
6793
2312
6276
7666
8182
7470
5636
3079
6021
8859
1080
7634
9333
9704
919
1804
321
7345
5679
3309
8208
2674
8991
8963
1859
1153
3030
6214
1516
1873
1906
1267
9528
631
6589
8185
1689
9387
1781
8614
4725
5359
5888
7654
2276
9394
7635
9668
9298
2527
9947
8574
5028
9963
6606
3409
9503
307
1960
9817
6848
8041
172
9093
3832
3477
8718
6184
2658
5910
5761
197
7636
4911
6926
1718
8450
6358
5859
1575
1899
8489
9550
6129
5388
6087
1636
3971
7838
7934
5903
7243
9440
882
9313
3845
5595
8364
2669
8381
7815
6184
8897
713
1260
9787
2925
5482
6200
6695
282
2565
4943
4934
9823
7609
5353
3281
3571
5959
6625
7124
3568
1472
4973
9961
6883
5740
864
8973
5491
5520
4916
5953
848
3459
2108
1482
3059
2910
5873
5214
3326
6018
3858
8669
1610
6325
7880
6301
6212
6828
8761
5998
3677
6047
4897
1833
9371
5295
3206
9050
352
4658
9392
3690
8044
8580
4305
6903
195
8705
6927
1630
4313
4262
9043
1469
2907
2279
840
5416
4414
8387
1403
9629
9114
9029
9634
3858
5888
939
8851
1607
7908
6832
3843
3270
6034
411
6612
8919
279
5491
8846
6667
1906
139
8993
2821
6297
43
9186
1617
4425
7738
7864
5246
5709
6979
6303
1018
9360
3451
1613
7377
7251
5879
6926
8874
6907
332
6633
8949
6322
453
1491
840
7495
8638
754
3517
1294
5866
1008
9669
90
1585
6974
6165
1994
1703
1350
4344
817
166
2998
7011
952
7206
1921
1910
1610
9931
279
1305
9119
8657
4895
6211
2613
3834
3829
2831
5008
3760
1912
2244
4977
2850
7036
6127
9397
7951
6907
5927
9872
1187
9955
3261
3047
1744
2076
4413
276
3478
4139
7202
7727
1629
5612
1074
5931
3605
6747
2554
3951
1396
2195
9374
7102
3396
5103
4572
2564
5452
5355
3166
5508
2516
260
8915
9397
1514
2601
9549
276
3912
4945
445
481
7879
9405
6770
7631
6764
8761
7165
7023
9676
528
7705
9839
5726
3697
2951
5607
249
2989
7685
3221
3745
357
1026
1874
4944
1887
8301
9085
5490
1233
277
2535
7894
1673
4073
5951
4387
4094
8355
2004
7489
567
182
5672
1381
7918
5149
9324
7607
658
6604
3737
809
5572
2539
3831
5738
4681
2672
2528
5591
4823
9417
6083
8414
5868
4875
807
3665
7245
3276
6460
4704
5207
9578
973
3303
9472
299
3524
3225
5016
7399
2042
4298
3720
4447
5708
9656
9878
2217
2931
911
8852
3137
9733
3048
7650
4173
2166
1246
541
6181
4068
5658
2029
3583
2869
6402
7577
9749
9354
5701
3841
3117
1043
2579
3408
9253
7584
3353
7874
7854
4029
5005
8693
3129
9547
9126
9043
7740
7090
4354
5589
364
9672
8706
30
2698
4496
2042
1255
8882
3706
3321
1275
7379
7723
8719
209
8647
819
2566
5937
6525
577
5226
4118
4063
6430
5618
4111
1570
545
4646
6440
4248
8977
7583
937
7125
3604
3938
8547
2380
1041
2452
5614
1770
8849
3228
4566
7838
3061
7858
7847
7507
2583
1099
3301
230
7930
4689
7883
4996
3853
9381
7320
9253
2809
7166
228
6392
3810
2527
4154
3914
6590
8337
6510
7780
6650
4726
5916
2991
5414
6290
8530
8122
7498
2203
2484
8852
6975
9783
8905
8893
1170
4723
7410
6541
3489
3069
8590
9028
7933
4595
9065
3486
8346
8976
2544
764
1326
7416
2458
3481
4277
1454
1428
9346
7084
3768
3382
7982
4713
8935
7554
8053
2905
7479
6357
2595
8140
6549
9584
85
3005
2846
8466
2067
7342
9230
3215
7760
3805
9252
861
569
3878
7684
7412
7084
9674
57
6221
9491
7160
5036
4364
6462
2804
9806
2621
8677
6140
2289
6820
4803
4266
1675
7297
7913
998
3038
9227
9163
77
4563
3159
1721
5617
8607
7640
8675
5115
6964
6182
5183
2254
1498
5501
2211
2470
8077
8926
1558
3026
2477
3998
5495
5117
9144
7254
8033
6778
1765
5817
4142
3606
8558
5744
5437
2564
1757
4222
2499
412
6539
2755
997
2049
4777
864
4716
9932
8448
3494
9613
8157
3548
236
8158
1515
7745
9425
5248
4896
9485
4233
587
1288
2825
9585
306
9592
3615
6231
4116
8906
7196
3752
7916
195
367
7937
8829
2419
6817
8634
1971
8829
3924
626
6352
6682
1670
7756
4354
9377
6606
7304
578
2972
4231
7147
7968
8173
1918
1716
344
717
8184
7890
7255
9234
2893
7547
764
8656
4127
2936
1338
136
3970
6293
7751
9482
7273
9861
804
2893
4692
6373
1646
9320
8473
1363
242
4860
5376
2299
3537
205
4128
6139
9881
9071
9402
4147
8592
8317
6059
9996
985
6541
3446
5774
1177
2104
3224
29
6390
4337
975
4677
6362
4070
2230
5733
9309
7950
3119
1866
2255
719
1550
3183
4659
7338
7731
6
9871
6093
2209
7947
7600
4949
605
4334
3607
4642
1956
4261
9981
5252
5031
8342
3826
6211
5933
3182
2552
7023
6794
9121
9885
2394
8456
3770
6649
386
9826
3220
4318
5697
9457
6523
6339
8009
3119
2107
2438
8061
3497
6228
823
3279
2089
1880
4637
6045
7445
2094
5662
631
9101
6946
207
5516
7717
6923
7748
9830
7051
5191
2804
6876
995
1996
9305
7351
6825
3022
2547
4136
4332
8274
8397
6183
2856
1761
8138
8911
4287
3988
4464
4115
9009
1342
9167
6107
7316
8259
6110
7884
8030
7004
1512
756
2156
4521
3133
3521
4088
688
7435
6244
1931
5314
1076
5463
9338
1414
1569
3337
122
3281
644
6339
9177
9502
5069
7012
7158
1594
8403
8168
9380
6725
8491
385
9391
7470
3480
1093
9325
189
6530
7957
747
915
2865
8015
5669
4092
5912
6704
2965
3731
3833
4090
3578
7065
7654
2155
1559
8628
416
5390
5553
1421
5948
7686
4887
7523
431
2791
9238
6232
7030
2785
1568
6700
2317
1098
7269
7967
6020
4323
5507
9680
1804
7535
9938
7093
5178
7329
5441
6903
4027
1272
9933
8666
8455
876
6922
92
7144
6903
413
8362
6155
4208
8239
5341
4270
3884
9701
8953
4705
2595
4350
7365
2773
6112
1796
2605
4190
1078
1189
9848
7377
2377
6282
5777
5222
4382
304
5266
8720
517
7063
7725
3828
6587
85
1552
141
4523
9836
5172
8385
9278
1271
821
596
2966
3697
2565
8777
8736
1070
350
2617
1278
5216
8022
4182
6324
4497
4294
291
7992
9516
5470
96
3948
9459
2146
7870
7639
8139
3814
4563
5900
6408
6644
1336
4343
2609
8629
4836
2883
5042
2509
6632
8469
7178
3498
6503
3756
4844
1539
3265
2452
6000
8827
3271
831
4536
8548
8597
5939
1508
4127
2959
366
9175
2725
3092
3809
7980
9288
5782
9101
7206
7934
2017
5914
6130
1649
6789
6643
7376
2592
5475
4246
274
6066
8822
8683
6362
6682
2109
7203
7985
37
5253
9105
2240
4789
6519
7799
4131
51
7868
457
3905
8053
1261
3521
9863
7715
4999
354
746
4674
6085
563
1599
4369
1805
8765
5142
2743
7518
8938
3316
6477
7941
2281
8179
1840
948
2802
6249
1840
2841
8140
9279
3762
679
7670
9194
4911
286
809
5901
4093
1609
6532
3408
2912
8369
9611
1651
5148
6151
6727
3245
4567
6164
4913
8469
6815
6684
4902
3572
2533
9237
5201
2580
6254
1755
8126
3228
6449
2751
8374
7721
7910
6951
3406
5286
9787
7602
5806
9569
5223
1970
9933
7214
6764
4073
9719
8852
6434
7681
7195
269
3600
7644
8487
7598
2876
8318
8868
4258
7690
621
1257
6634
2005
4696
8516
8267
99
2913
4054
3237
708
9551
195
677
9319
9682
7782
5101
1918
6377
6398
6174
3886
7655
3705
5296
9376
8089
4531
9670
9440
6811
1864
7334
7426
555
8041
9460
3132
6153
9287
6469
4405
4492
9535
687
8887
6687
5702
1130
9609
7903
566
1284
4430
4192
7579
8034
3249
9665
8487
9015
2004
9897
8851
3258
6779
3354
2653
650
7331
120
1330
8046
9772
8758
8152
3478
3156
4057
5223
2242
3087
415
6948
4031
6216
7371
7561
2394
5526
4304
3116
1687
5075
9375
5863
1601
5312
1205
4838
748
2815
2664
2946
9554
1170
3613
2193
1936
5339
8464
2093
5220
4323
1887
9147
1826
6906
9096
2152
5392
2373
6261
6101
7553
1939
5838
9787
6169
2794
141
2226
1319
7622
3484
1575
2839
3687
8638
7989
9789
3324
412
1961
2334
2236
7391
2655
6834
9504
5790
738
9491
623
1179
3507
7604
4545
1269
586
9762
209
4705
7512
3384
5972
7683
1409
8075
3062
8969
9980
932
423
8897
234
5439
7868
4829
6399
8228
8567
1962
8114
988
9148
8409
6356
9654
6227
8461
8642
9776
8563
1362
9795
7735
7328
2169
2071
869
7253
4161
3334
3097
8854
1978
828
8238
5443
5813
4981
188
2621
5420
256
2495
9155
6967
1941
2730
3259
6449
316
5923
3545
5073
5761
9730
4716
2538
9248
167
7801
6234
9388
588
2874
528
2042
3216
402
7690
1959
5100
8221
7253
35
1330
7152
7951
139
2032
3551
5173
7439
7781
529
1371
7024
3376
5364
844
3407
3294
64
6056
162
7552
6842
3317
5857
4132
2089
4735
1606
3961
9043
3157
8510
5503
7559
526
8920
2531
10
3781
9648
8988
456
4165
4940
9772
9430
3528
7019
8840
8006
4074
8849
3525
2004
1700
4122
7280
7636
511
2091
2998
3428
8765
373
8494
7475
5902
24
8172
9728
5998
3438
6773
9881
8861
403
4696
9636
6563
294
1455
336
1042
2407
5737
44
5069
9123
795
5257
7190
5595
5712
4708
4412
8953
3410
1130
7769
8060
3058
6265
9749
1490
5876
473
6816
3988
280
179
5840
9425
1858
6905
7153
2345
4124
1623
6245
5170
7563
1319
3037
1803
8570
5393
9099
322
9243
8912
400
896
3019
8031
4494
8046
863
3607
2532
2789
2155
5628
1147
7366
926
2370
9838
2162
6701
6159
1536
7341
3504
594
5708
6734
7062
6845
7700
3824
3700
7510
1290
8802
938
7300
4389
5941
7942
5691
524
5017
2109
2608
3858
1719
903
4912
3550
479
1883
5313
3560
3074
6722
376
2180
1885
7416
8438
2374
5670
476
8983
1371
6526
4477
9408
9674
9454
8266
8581
6672
1521
1212
4138
9183
1057
4050
2001
2768
5576
8222
9955
3089
9059
8874
4113
9719
7958
4086
1532
6266
164
6921
2101
4536
4450
4578
4208
9737
4600
1087
8863
5404
7226
100
631
443
2843
8009
1637
5750
8480
4454
5654
9975
1360
6986
2667
2648
1461
920
1169
9753
2269
9854
5953
4870
3342
6460
4419
8613
7842
8280
8205
5600
7209
1869
6349
2454
2063
7230
2738
1659
8917
6035
5825
9921
2676
1366
216
4494
3943
2996
5111
3089
6590
5468
3469
4051
4065
1096
5026
8342
4665
4215
2224
1828
8878
694
9264
8519
4120
2212
4041
7855
2047
6179
5051
3665
4591
8896
2666
2401
7274
1365
6904
2580
234
1182
9065
1540
5970
5505
2415
6484
538
5927
3808
9917
365
4688
519
8224
4028
9736
2317
9868
3527
5409
8087
6078
1727
3274
5159
8281
1371
2365
7939
5966
6745
3314
6691
8572
5956
6503
7997
6020
67
5939
5978
3882
5155
7646
5986
9696
7287
5573
8173
1662
5481
456
5075
1553
7561
7298
4772
6596
3443
5966
8687
3801
4544
7003
6498
5991
5643
7540
9738
8939
7854
4765
3709
8386
595
5722
432
248
8912
1114
2188
515
7447
9654
8608
1222
6008
4407
6395
6201
3344
8166
8283
244
5580
5204
388
3540
3848
6337
5572
7117
1193
6204
3817
599
1777
4549
2952
1840
8845
4164
7278
7367
4757
5573
6761
7646
65
7131
4402
8818
5049
9157
7762
2072
5207
6654
3301
9679
4942
7461
9700
8255
1842
120
7147
8981
4094
2312
4768
687
8093
4362
1986
5045
6797
8463
8861
8562
3816
4673
6606
4932
1265
2415
1153
6095
5716
8324
7231
6222
3454
3519
9001
5189
7860
8656
8932
6606
6830
1544
4288
1089
417
7242
6557
6185
8814
7471
4817
4202
3871
8424
5822
8627
3146
919
6216
9638
5456
9223
5707
4257
8880
8245
6122
7458
2245
4166
839
3625
8152
8112
727
289
1195
3108
5080
3152
1657
2064
366
573
9746
7793
6227
8460
8659
4328
3263
7795
9683
3151
9946
6997
5122
8674
7162
5231
7655
5024
6666
7296
5004
1627
2380
1170
2925
2609
1562
7050
2106
8926
9141
8839
4131
7428
8602
8779
2954
6955
324
978
9451
317
4566
814
3091
3772
6668
5122
7254
1186
4964
6953
649
8277
8061
5524
5076
9257
261
5063
7577
3573
5756
8557
3489
2464
3532
2239
8876
5814
1162
9818
4359
8453
6255
1638
914
2234
9376
943
755
4098
8320
4314
1462
8886
3302
4754
6386
3171
4071
5537
6820
9591
4579
2643
1146
5982
687
9296
63
4485
6449
4928
3503
3579
2776
4152
8895
7874
6224
1102
6064
7991
7795
4322
6089
4690
3412
4372
8911
8747
8264
649
5019
3984
6770
3400
1989
7462
4759
8029
32
8162
2383
7138
9247
2809
10
253
943
6450
4600
2598
9009
9260
8823
4829
4777
9314
808
7498
7245
8047
5978
4009
4475
7431
7026
6692
6063
8735
7987
1782
1149
4618
6610
4934
9356
8968
2753
904
9293
5720
2836
860
2753
9145
3039
8591
3529
1255
4253
3509
9107
4314
8288
8299
1195
6911
9735
742
4546
9139
7865
1190
4852
3641
9549
4504
5806
5282
2838
941
4901
666
76
176
4259
2588
6060
1792
7056
3816
3098
7515
4850
4864
7838
8317
4783
5312
1611
9391
3914
5308
5842
3000
2904
9700
741
7717
8767
3126
3923
7134
1652
2232
4203
2388
7321
9697
4087
1579
8995
2853
9861
5698
2318
2752
8827
7926
2595
9225
5243
5382
5589
9631
4404
2359
3655
4905
3035
2400
1037
8581
5926
5903
7347
7048
7882
8587
1890
4792
5967
6672
6527
3639
6220
6126
3631
6345
1180
8429
4167
6291
3571
8149
4938
9249
1666
4397
4500
8049
1730
8121
895
3894
5373
5777
2868
9728
3339
6300
1153
6095
131
5660
9483
7338
6728
6944
7125
2615
4486
1271
3999
4051
4960
3087
7869
4444
4121
6009
2693
509
6193
7608
752
3876
6902
6604
305
9797
8000
7709
1757
1097
5944
380
3855
9172
951
8076
4826
4314
7357
4546
5129
1968
4481
3131
1310
4770
6594
8594
1168
5804
3543
8918
2317
1594
6668
4019
9857
2780
2159
874
8207
6580
1600
2394
8903
3204
785
3387
3724
5876
3116
7261
5175
1877
4190
222
7101
1032
5667
2891
4348
9676
4422
1151
6853
2647
1513
9703
1186
8106
7957
1180
3075
2356
2666
4706
8886
8640
339
9332
9388
2749
3290
5954
9382
6175
1606
6761
682
634
5047
7132
9186
354
8511
9011
3851
7459
8885
8397
5076
9088
7755
8114
466
6573
1268
8846
5043
9881
3012
960
9866
7157
6368
5470
4652
2414
6339
7921
978
3587
7174
1019
5738
4421
1098
3497
4286
9278
2677
4466
6572
3546
8069
3739
6375
1672
8641
3965
2989
1135
7636
2700
6627
2977
1933
1728
6613
6422
7771
6629
3679
3740
652
8422
1559
254
4208
7965
8704
8171
2072
455
7602
1751
597
9505
4267
7513
8173
3442
1872
1762
4147
9162
7370
543
5021
9323
7063
5270
4864
2695
2008
3043
984
8135
4212
1184
52
9137
6122
1242
9796
3127
1282
910
9762
1657
6476
3649
3926
6931
7245
1177
2374
1508
2704
9452
6870
4885
3705
3602
5022
1303
605
8840
4292
8846
1505
6896
8802
3435
1376
9890
1760
9492
9412
3200
1840
6089
2880
2500
4167
4846
2037
330
5551
8051
6702
9790
2984
3835
4023
4805
9122
8017
3393
2962
1195
1051
1021
2384
3775
8241
4502
5924
6273
4423
3235
7803
5893
6333
2828
2987
5752
6059
9476
512
8078
4425
2339
4852
5460
4768
3785
5147
6250
3783
1018
7421
5501
6089
7115
9445
3201
5039
7224
5993
1326
9265
7986
9010
6631
134
6312
4855
9060
4102
3776
8509
9550
3365
7573
5300
9905
3059
8464
5066
7114
9729
1356
4795
9839
9422
8572
1632
8287
8448
886
4478
3277
2062
3431
3884
9398
2151
1453
9469
3266
3728
5846
5763
919
8079
7801
9682
8225
5368
6673
7504
7011
5081
7368
5829
4411
7814
6044
8419
2422
6645
5452
6798
3823
945
5335
4170
3515
4123
1483
5640
8966
6735
924
2035
6025
8792
996
2402
6720
1538
4194
5763
505
8964
2581
8950
5451
3404
496
9690
4393
7496
9643
5937
4202
3715
747
8107
417
3379
8797
7015
7491
9831
3103
789
8773
1393
1700
9273
2206
2312
4486
4855
615
3805
9403
2317
6462
862
9148
1198
3244
2876
3441
5983
2233
2999
1915
5784
4568
6127
727
6841
114
8317
8232
9403
5586
3011
2038
8717
2244
584
7872
3051
4981
9247
7605
51
6657
8528
6690
1590
4711
4931
8378
6864
9697
4234
587
8368
9111
4910
7629
552
644
2070
917
9751
6946
6719
5898
912
5378
626
4715
675
3860
2273
7701
8571
2519
9980
1140
9405
9511
7031
2541
7714
9657
1068
2617
75
6109
1192
405
8228
3285
4064
3931
2285
3047
8817
6910
5482
4716
494
8781
9119
2119
2919
1590
6386
4510
3257
929
5008
3465
1925
4195
1341
5480
6857
3923
8647
5847
2121
7591
9513
3088
5531
6964
5745
6135
6495
4688
3807
623
6081
8559
875
8391
1100
5568
8259
833
5778
301
9615
5247
9190
6885
3356
9953
2102
3670
200
2906
3160
2317
4565
2913
5777
9931
2549
4153
7508
1874
3050
9847
7711
5885
2395
3460
3330
9945
201
2385
4668
8940
5752
4742
8665
6439
6362
6741
3695
6881
6028
1433
3019
9356
9089
3196
1140
2017
2937
9243
4872
2666
7007
7894
6849
4097
8872
5175
1493
5573
9344
1549
7534
6930
5827
5991
3976
1423
6320
8389
6516
8285
7070
9486
8145
1635
3079
5819
8242
6913
4132
9210
4756
9383
609
9407
1459
890
6863
4379
7021
4904
375
4578
8518
851
5829
5461
5370
6147
1206
7585
1235
3379
4072
3998
4902
1538
9968
3767
2074
3477
1932
2074
9960
3999
5133
4357
4161
9242
7991
7774
2844
2523
1145
4137
7277
4460
5331
8643
992
938
5932
1112
2260
8846
3157
8180
1790
2040
981
7912
2124
7276
773
527
2052
8809
3595
9440
2084
4419
5076
7314
6084
3301
1019
8237
5436
1498
2966
9813
1607
918
2
2139
6634
1077
6562
915
305
2832
9684
81
4435
3917
3522
6077
1013
8701
968
7063
3933
5109
2550
6241
5453
1358
4500
7525
6010
410
9979
8870
2355
7340
7518
9382
8150
6217
8475
7917
7505
4140
3242
1646
1832
7728
3734
1199
4954
4673
5281
608
7401
5952
4808
5785
7048
2945
270
7606
2388
4158
886
8939
8130
8099
1218
1579
6680
3347
8655
7591
7651
3019
1447
9567
8362
1826
587
6036
3338
1404
4618
6681
6462
2504
2891
3835
3102
8337
1582
5776
7880
4977
925
5896
9050
2553
2071
787
6590
9183
5516
6268
6090
1612
154
1404
835
8282
9647
3436
1710
6366
8581
6516
5008
4766
6462
7926
1678
5446
8665
5829
9412
1372
6290
5274
7297
7606
6011
6875
259
5550
2714
3899
7271
5625
1811
8849
9937
8512
852
8873
7260
6613
5665
7175
1819
321
694
6514
3706
1322
6995
6585
8447
7241
3709
9147
7116
4198
6889
5182
7602
2040
329
9294
2649
2283
8923
3444
9378
6599
966
4739
7834
8999
535
4991
5167
4129
4564
9565
7162
8102
3345
476
6745
340
6206
2763
4315
6966
1429
7908
2031
6803
9851
2676
3665
9721
8508
7866
6918
6716
9810
7305
4337
8871
1411
2135
9671
2453
6378
5380
2603
1411
2416
925
7225
625
2194
2630
9809
3914
1365
8869
6519
6994
3867
8781
4025
4791
8576
5815
4209
7075
9856
311
8641
9132
8484
1578
1112
3331
5548
4548
9049
2744
1998
6345
1801
6555
6278
8635
7718
9852
6961
978
4064
1092
811
3696
6312
6846
3881
3792
8946
1137
3734
6319
3619
1269
4250
1025
4359
8161
4973
9664
5175
9862
5612
4079
6814
7808
8610
9008
3150
7048
986
8719
1635
6441
7140
9251
74
4031
5800
960
6736
1200
4556
5622
5519
8963
7878
9602
7770
1347
8340
8587
4258
499
4050
7859
5505
1722
535
9227
5130
4013
6631
2468
3063
7002
2674
200
9997
4246
1947
2121
6125
3118
2795
7056
3496
4874
5695
1753
7174
5583
6542
8960
1301
2186
651
9036
6940
4873
2934
6555
6909
7806
9446
3456
2468
1371
9041
1769
6514
7767
1273
9343
6465
103
4894
2856
8924
7985
7030
4354
9654
8924
9217
6500
4861
6990
822
3646
8883
3399
7753
3430
5545
8728
5270
3126
1912
3522
3204
1208
5206
7055
2211
3393
7741
7419
851
5605
8647
9014
9993
8260
3270
7758
5535
4125
4089
7964
707
3337
7788
2695
5097
4844
5478
9465
1119
4634
3866
2675
4313
8876
2543
6626
5113
3080
2640
2855
8677
9790
7399
456
2418
6332
7274
5454
8165
3245
9138
7216
6387
189
3287
7236
7225
9952
4202
9356
5709
6825
5944
8737
3643
6222
3484
4527
2821
6289
939
4117
3844
2548
2515
1221
5925
5460
4983
4776
9718
1255
3437
2598
2931
4519
2287
9556
4510
878
1721
7255
737
7985
747
3774
8201
8971
6305
7466
1357
5915
5480
4531
5243
9524
7675
9783
5609
7079
4488
5011
2459
1960
6672
4665
7544
9254
2353
1859
1993
9563
926
425
8147
8400
8484
116
9269
7173
9356
2023
9289
8670
4450
9371
9375
6981
7185
6185
6904
1312
9052
656
7539
7866
7719
3421
7827
8126
437
7038
5858
7028
2994
8387
2369
5635
4838
4996
4742
2480
9827
3817
6841
2366
3022
336
4765
9822
4291
2639
9825
6006
529
8517
8075
4977
7299
6261
7860
7398
6698
456
5906
3570
4875
3936
483
9381
2884
4381
286
1827
639
9663
7654
9430
8375
3145
8194
7257
6763
6772
5016
7075
275
7617
4551
2794
5025
33
609
8251
181
4656
3983
4289
5030
3619
8324
6772
2564
2170
6729
4368
6427
803
7786
1038
6259
4322
6613
3312
4509
4510
5057
6641
3648
9977
8366
8230
380
1393
8908
8238
2239
1830
2331
6206
6738
5264
3169
6527
6124
9145
1066
3328
8932
5600
8092
4294
2476
4179
3626
5346
2607
865
6485
3941
4628
8696
6658
2840
7885
754
5511
9008
7744
2390
9292
1431
6178
8032
28
6330
3662
5665
597
3281
7247
4225
3677
7775
5343
5574
3955
8852
1641
2365
4423
2297
5723
6626
8075
3363
3130
6814
6330
4506
3842
5349
3725
6231
2726
8999
2237
3187
101
5071
8915
376
7414
189
3276
2261
2021
3192
7635
7833
9331
5530
2661
7073
4622
4055
3616
1147
9475
8835
4780
7723
3301
9380
4442
8205
8978
8219
3783
1326
6876
7367
5105
7988
4351
7857
5406
5790
1288
3142
6998
2888
1659
4957
3638
6874
7223
9966
1791
6330
482
1649
2791
2546
2059
2977
4794
266
872
5405
4133
1928
441
6073
6429
5049
2396
9566
5123
522
276
3552
7932
27
938
1184
4954
344
8048
8611
5116
4012
7118
9987
3698
2762
7320
1371
940
5548
8616
3658
1311
2622
1643
1636
6582
121
2800
7601
2461
3683
3979
661
1984
3754
4202
8268
5018
4992
9373
6583
2433
6517
7076
4480
8647
5123
8109
7254
1594
6116
5195
2073
5237
3683
4922
9174
2191
1546
9072
2122
6389
5369
7657
9639
6145
1603
6846
3654
3377
4865
3054
2035
3891
1527
6902
5380
398
13
2218
1894
6422
5604
1101
1114
4921
636
4939
7901
4607
7686
4531
7723
2901
3836
9161
1869
2266
197
9458
9423
2112
6713
2244
1919
5161
4101
281
9572
9743
1078
9445
7929
8112
1096
5595
7595
7270
5979
8057
3819
8388
625
6083
2832
2686
6247
9313
8312
6805
5294
2897
3821
6940
4526
4281
8682
7521
477
4399
8523
2782
7596
8765
7895
969
3927
7967
9796
1248
1085
2591
5084
5112
6579
4023
8195
5569
5482
9730
9343
6545
7992
239
3030
865
6927
2911
2919
4388
7760
4137
2998
9737
9929
7461
6297
2482
2778
8567
4370
7351
9733
4422
1048
3245
8053
9418
6927
2679
7984
7807
6040
3883
4990
1844
8708
2695
1026
7243
5066
7084
3911
3748
1435
3011
5408
7674
2123
3972
4287
1995
7324
9136
1381
6245
9061
2573
7943
9514
9831
5712
4271
18
7641
9533
5550
8411
850
9488
6779
1459
5561
9142
7514
8167
1601
7405
951
5138
5634
1579
574
8652
8008
5922
6429
3381
7769
2123
6350
8119
87
8054
4317
4617
5020
7332
1926
7878
5778
379
233
1665
7106
6481
4217
8719
5182
390
9530
1663
2134
6587
3582
6066
2835
9575
1305
624
9281
9155
2832
1563
7313
2269
2868
6833
9435
8239
2412
3669
3852
1628
9838
9304
7377
838
1075
5361
8970
1521
3022
1336
6864
5598
5986
4208
1849
5231
553
5587
9657
7527
5510
4181
6173
7995
3598
1141
2613
7257
4191
9982
2054
6530
978
3904
130
9659
4417
2368
2718
3091
1121
5832
4971
696
8012
5915
8131
2293
2820
6158
7863
5194
3621
654
1757
2274
2435
3445
7921
3092
2824
2325
5707
5881
7572
8251
5343
417
1038
7816
3689
616
5683
7907
6958
3785
2040
7369
5564
8862
8434
2748
5453
2948
1230
5699
8610
5617
7570
4713
8736
8404
4495
8508
3521
8687
616
198
8735
4077
8547
5855
4576
6254
4099
1749
301
2435
1306
4491
8148
538
6510
637
8751
9633
8234
7690
5732
8307
4846
3457
4138
170
7325
1498
9053
2420
3419
7382
8942
8881
389
4057
1137
7329
6837
9223
9430
1134
5126
2827
4291
1163
3098
101
2979
1361
997
8708
7929
7675
4700
843
2449
2692
86
3826
5555
7167
81
8444
8815
7533
6567
8696
2278
9541
7319
2161
2028
6850
6266
1367
283
9603
2335
9409
444
6843
7097
8497
5413
1829
9774
4428
6083
4198
3773
4138
1232
2976
760
106
3675
1942
8907
7411
5469
4152
1679
9896
4414
1209
7972
7382
1839
3297
3501
247
5885
7468
2302
2483
9712
6735
7261
9450
9041
5935
3820
5492
7347
9499
9403
1542
3637
2498
6502
2734
8440
9037
3719
7885
965
4702
5739
90
6133
2184
6782
7580
824
2397
2805
8724
4971
3869
6686
5304
4197
2140
2634
6604
1980
1900
6855
4536
2688
4361
8353
9699
9589
5415
2117
1614
4101
2376
3724
1049
9498
3019
771
1821
3751
7761
9767
5511
8613
3232
2701
7797
3023
5881
4058
254
8855
3993
6818
7427
336
3229
5376
9636
2290
8796
7511
4491
5882
4477
3304
4508
5361
2597
1305
6998
4418
5211
6905
9370
7407
6661
6033
7745
2808
6884
5698
8177
943
3436
3422
1531
2835
1427
4358
6396
6568
7398
9607
42
5751
1319
3270
4794
7332
2120
368
7184
3710
4881
940
1970
2275
3315
6528
7333
5283
2752
2394
3930
9968
5902
3400
2706
8754
662
8262
1500
8348
3992
7878
8288
3592
1412
5629
961
7972
3280
7181
8930
830
5680
4597
4121
7658
870
4769
2417
8482
5400
1407
6407
1276
4659
438
8999
5178
6450
1575
2767
8038
5156
835
719
8027
7072
4063
2837
5333
336
2079
7007
1317
3260
1975
4523
5581
933
4960
4216
2363
3284
767
2598
1044
3021
699
3109
3811
7562
5952
2919
8981
2671
8029
6619
4300
7576
3322
2900
6695
728
9346
7890
6093
4
5939
7133
4630
4552
147
3564
1871
2304
8621
1133
382
451
1381
8617
4088
6995
2487
8118
485
5348
3919
578
6919
2949
3974
8471
6704
2193
5570
7366
9334
4551
6398
7856
3439
1079
1493
9998
8211
2352
3680
5420
9
8950
2707
2715
850
4288
8079
1003
2889
425
7492
3492
5549
9252
5434
9603
6899
993
3024
2665
5028
1697
5293
6304
7678
5939
6564
5514
5399
9265
1703
895
6954
1346
5157
7118
8574
1008
4941
1247
5479
7586
3185
6995
8400
2446
952
2275
9449
3043
3928
1983
1165
483
6410
7036
5969
4742
4425
4024
3355
1508
718
6940
5518
8680
4737
3736
980
3099
4429
5948
3702
3839
339
8833
7920
3630
7096
4757
7620
8054
4168
4733
3028
3610
6040
6295
3955
2193
2924
5158
3662
7880
593
6112
8430
8613
1302
1851
4014
7447
1398
1801
9890
3917
834
2851
7568
8019
5301
6943
3238
9536
4576
4364
5421
2092
9915
1680
9573
1174
4250
128
200
9602
232
9745
8568
1418
8076
7595
7595
712
9008
4502
1237
5070
7237
9833
6749
8390
6208
6286
9160
790
9229
3447
5018
3313
5368
8413
1914
4201
9584
6732
5874
9124
2419
8133
2500
3798
1019
3625
4719
6436
1293
325
109
9162
3234
6289
9459
4159
5382
8270
3070
1977
7144
4736
8570
8186
3618
5652
3467
67
4566
1144
5156
1667
8077
5754
7429
2998
418
5623
6946
5715
7970
5585
2625
5890
4171
705
3411
4189
5825
3162
6184
4198
3938
8274
1444
3734
8044
9937
9333
286
9636
7491
1663
2294
5376
38
3941
8209
3194
9948
2090
8454
1803
5811
1392
90
7738
5543
6539
3581
3164
6756
9858
5395
7018
2252
5842
6841
3559
2595
6258
43
8823
5062
5931
1858
26
3302
6678
9829
6144
291
7359
5455
2820
4892
3047
9948
2204
4894
1920
1492
9895
5276
2015
6450
4369
6905
5225
3012
1387
5691
7103
1633
8584
2902
6511
2835
6369
5363
3356
6249
1906
5028
3203
7220
6557
5395
4486
2105
6590
8328
2605
8714
6263
4730
1663
9764
4907
9423
8388
4024
6164
4214
8359
8645
6810
36
4896
6290
1140
9197
7345
4066
2749
2371
2257
2224
7526
2736
3372
6731
635
1948
8841
6342
9894
996
2645
2722
4586
5567
2985
318
6692
2936
2650
2525
2409
7415
1682
2990
924
7978
2391
6203
7753
8928
6028
6088
9564
8817
5983
8904
5397
8252
6648
3028
4416
8831
9211
1023
2716
1342
4210
7880
3519
8359
6763
378
3126
3395
222
3307
334
776
1866
7225
2545
6343
1110
2354
5844
5360
5452
5229
1581
9597
3911
8308
9702
8722
2529
2740
8846
645
8037
8989
2191
9975
2259
8616
6081
9770
8613
5220
2188
5395
5630
3279
2379
6300
5769
559
9434
5940
4224
2808
7806
333
3772
4685
707
9876
2722
5424
812
4990
1345
9768
6807
9332
2833
1382
4108
5994
379
1687
9257
2733
7657
4711
7014
3192
8324
2867
5323
8720
9477
4737
8337
4228
4571
5475
2298
8985
535
9306
5058
6279
907
5872
1679
4782
7808
9404
2350
7695
4063
7304
80
5578
1328
6842
6011
5459
6093
8170
9356
8484
7846
8650
6315
4509
3852
3793
8435
3515
7284
6486
2373
3445
3209
4304
5078
5641
7611
8481
5731
4235
2873
6578
8563
165
4993
533
7697
2905
9269
4782
7496
2629
3257
1096
9124
3772
9195
22
561
5108
1461
7552
5843
2866
918
2238
1309
108
9872
8892
8921
7623
5101
910
7098
25
177
2437
8422
8570
126
5911
403
4307
9028
4005
6654
8840
482
5205
8255
5120
7117
6165
9109
1538
9431
8350
1645
3184
4901
6725
6468
3007
2196
2636
9153
9668
4621
6778
7642
2556
2104
19
244
8474
2271
9879
4411
2411
5634
5674
8137
6172
8498
6063
328
3243
1471
3001
4632
3170
1171
9885
1551
1780
2277
9208
5169
7373
1893
7663
2233
2736
7767
9497
2482
9961
9817
3156
586
9684
56
4151
435
3619
2136
8447
4486
9462
8919
7093
9215
9568
2069
4945
9761
4050
1163
1857
4471
4916
5501
3786
4906
312
9409
9737
9214
3845
593
8476
4391
850
5352
7483
7392
2052
8605
9559
4410
3453
3601
2386
4712
1081
6367
4867
7820
4348
8173
166
1736
9904
324
607
8007
5320
5026
8484
6371
2934
7174
9374
829
7868
3436
2486
5462
282
6777
5043
9573
8847
684
2543
7653
2576
4552
1882
3828
1553
7060
8367
6693
5248
8013
9526
4529
4912
3480
3803
3184
7912
1088
7058
5354
6786
498
4159
5821
1007
4637
3617
3966
6250
8804
2364
3041
8946
5929
1546
3611
348
6489
5930
8777
6926
1056
5747
980
3563
6570
8221
2153
6163
5677
4420
162
128
7907
8384
3926
3109
2934
9758
7142
361
9779
3001
6040
9938
5005
5015
1732
2345
6012
9560
5436
3620
3479
8609
9749
4199
3551
2094
8233
5093
5006
51
9298
4447
6478
7056
5553
3350
8852
8008
4991
3193
5317
6842
1338
1099
589
8095
9079
122
1608
2353
9512
6940
4889
6781
2417
9065
5150
5221
9478
5374
2986
8234
9904
7548
9737
9944
9337
8535
4554
7153
9552
9539
6399
8873
3852
5062
435
4580
6055
7470
8720
2124
1967
5624
3565
2033
1537
2997
4226
4146
9056
2378
8929
1954
7134
7227
126
7838
8855
6297
4485
5958
2691
2684
7073
3343
8191
2796
5368
8765
3102
1752
5695
5581
192
570
2660
9966
1064
7396
771
702
651
902
4468
620
9959
6581
3330
6804
1376
5720
1342
8147
3924
2396
4883
1483
2745
1103
8016
7129
7154
7101
9269
2377
3511
9242
311
6142
7380
935
175
9832
9193
4128
2338
5300
6001
3650
3348
9744
1386
6042
1128
9450
7412
8131
228
5057
9348
6366
8084
3735
1887
6841
4597
9279
5056
5329
785
1769
3846
3982
2206
4512
3326
4307
8583
2632
5737
1299
2473
5988
5041
1193
9472
2817
6023
2111
9200
6308
2555
6037
6597
4241
4497
7998
991
6079
2402
2685
8061
2687
3421
1534
9225
3327
2574
8278
9814
7680
5986
180
9861
7399
1515
4219
86
4364
6996
996
4189
6431
773
7405
1599
503
2099
5091
2136
6798
6142
1255
2018
3214
9493
8327
4388
9690
2666
2160
1042
7776
2489
9568
5769
9294
4316
5219
6944
7526
7446
659
4645
9129
8457
683
2707
4784
1112
6309
8936
1710
6565
6659
7970
8223
9734
2688
8846
1608
6206
7128
9400
7341
9453
9959
244
6845
3450
3766
8713
9332
9481
7400
2440
6659
93
8391
5773
490
2450
6453
5243
9292
3744
7081
7426
7968
7062
1741
1455
9156
6315
9416
5418
9901
3165
8752
8922
9271
8792
4928
4795
7747
3078
2336
5620
5655
9351
9702
2123
409
8003
9010
9941
8859
8239
9917
9669
8294
3875
1725
3877
623
3356
136
7784
2485
1578
6480
4887
2739
3484
5878
8367
6349
8363
4137
1416
5992
5750
5777
7496
6984
4460
365
5456
1007
729
3309
4216
4654
4387
6051
8720
5998
5182
4387
2056
355
4203
9931
6809
2102
9473
2093
2463
2456
8322
4579
3826
2552
8085
2658
1679
7454
5425
5562
340
5463
1925
1010
4992
3653
8793
1994
7377
9775
2204
1152
845
5249
9557
5350
2052
267
7779
7818
3935
1172
7591
7936
4476
2701
8897
6525
1171
5210
7975
8040
7281
7599
9915
225
5583
9256
5475
6132
6500
8031
9084
4938
6272
4771
1443
4695
2576
4575
4713
6755
1842
3370
888
8281
238
2669
5538
8978
8661
6777
7223
5743
1164
6760
8824
6452
3168
9378
4964
6212
6863
1816
10000
1659
4183
2233
8215
8229
3184
7025
6310
4816
4171
2074
978
2859
2243
6593
8170
512
9921
6536
3651
766
2964
3851
8697
3940
1572
2096
5484
4288
7847
9503
2364
6211
2599
5527
2015
9392
3706
4381
1375
3679
4753
8682
321
4327
275
883
6953
4029
657
557
6931
1247
2413
6697
2926
417
2654
8028
3941
6593
1080
4195
8048
8578
310
5666
9682
7695
2325
7738
5002
6903
3129
3919
283
4853
2841
5693
2900
2409
5565
4336
8829
571
1639
4636
5238
9805
2844
6450
3465
1502
3433
3351
7493
9135
3344
9608
5961
3069
9654
6217
4407
1222
9066
860
5086
8103
403
8657
3066
2635
1999
4584
2871
3307
1961
8264
880
6393
7076
1353
1485
1710
366
1041
2647
2869
9103
3733
2174
4964
1395
2340
9454
3185
4464
1844
3513
2691
2398
5939
5862
9543
1637
6694
3898
5684
8169
9687
5427
9632
2862
139
2519
9331
5758
8651
3401
6477
3190
6484
3974
3463
4808
1985
7106
3953
6005
6313
7762
8515
2371
1194
8771
4186
8138
6618
507
441
9616
8117
8438
4401
5883
2049
8850
7494
4271
1311
8401
1799
5584
6748
9615
9689
334
3853
3243
517
1559
5545
7821
999
1372
5126
4385
7675
7333
5638
7161
3455
3646
6930
675
6821
9944
6878
1298
7420
5226
6120
6583
8069
968
7708
7543
5625
1603
3995
7640
3004
1772
7153
6720
6350
5545
3751
8423
3104
7235
7056
1663
7923
76
2279
4527
7999
9384
5113
3350
1160
837
936
5360
6652
8096
9217
1797
885
2639
8324
4340
8512
3974
2377
6072
658
253
977
2494
7359
5830
7034
3131
4327
984
692
8908
6492
1693
9671
5886
1415
8602
6975
7627
3671
7947
1855
369
8672
3542
1804
9569
4889
3390
1858
5554
1774
8989
8302
334
7184
1092
2636
4848
7744
8002
9473
5197
861
9040
363
1548
7494
2405
3164
843
9401
8733
8871
1660
332
9128
8993
9930
4021
6999
9349
7014
2114
2071
5383
1552
1400
7187
3591
8111
4878
6934
3823
9924
4242
154
7791
3406
7832
265
2867
548
1913
5483
416
432
8791
3054
9618
332
6868
763
5838
4032
1298
9938
3788
4006
1554
7129
7446
8245
4742
9189
7969
9720
3592
5924
8322
9695
9957
1629
6944
5597
7041
8341
4770
9049
296
3260
8430
2199
3952
5835
5749
3367
2357
5251
9681
6346
6335
5943
9254
4292
3470
3501
7322
8595
6362
743
6818
4643
4128
8393
7601
680
6444
3414
8361
8694
3842
1922
4898
1564
6598
1421
9023
9580
4042
7153
1842
2494
2568
243
3377
9488
4174
8006
3530
2915
1713
1824
9795
7538
1831
3293
5976
5264
6592
8538
2580
6831
3398
8004
8738
491
5545
5038
2869
2268
3164
5297
568
1767
8832
1769
8894
4507
4750
3726
9607
4990
2829
6284
134
6923
3125
8792
6788
7210
6636
6577
7518
9318
8247
6061
6497
2230
3651
7725
9605
4764
3505
604
3209
4028
8217
823
5569
7323
6319
1579
6530
5494
7889
98
808
6403
6311
2514
6777
1683
3397
7777
931
1791
7428
6925
7802
6263
2333
2490
8561
2877
1622
9797
7832
4766
3758
2167
8991
9255
6705
8035
9789
9990
3905
9922
6247
9138
6948
5358
470
8478
9792
9573
5068
193
6918
8201
8469
8116
4725
2025
1239
7880
160
9446
8079
5335
2494
2509
9115
8456
8844
2187
2072
1844
3827
6901
5407
1343
9229
5423
4661
2016
9257
6807
4155
9129
9077
835
5445
6262
9088
2009
7481
6482
484
3487
2815
2731
6444
6209
9262
6536
990
9581
4378
1713
1277
4225
2713
6959
2173
1605
4076
5832
4689
6828
2275
4783
3890
9709
350
4174
7034
7784
1445
6183
776
2504
583
8047
6733
8274
7857
4671
9270
7700
678
3959
7561
6488
7384
1295
4092
8031
4406
8815
3970
9290
4477
250
235
3718
2538
513
5761
389
1513
1707
7532
3136
8827
2447
9750
8169
3107
6976
968
4136
8912
4187
5470
1520
4305
2384
1718
687
240
8786
2528
9902
2188
2077
9592
3318
4362
7889
5309
1497
5106
8463
1864
4247
8670
8878
1511
6847
3222
3469
8025
2988
4715
5193
9125
4002
904
5173
325
7008
9561
4120
6346
1229
5635
1790
4305
9446
5348
3409
2908
5708
2073
8684
1286
6673
6729
9892
6485
9111
7062
6682
4875
4879
5460
2696
3069
8168
490
6028
3306
5417
4492
8148
3276
6522
7615
7100
4375
4182
3449
5668
9181
869
893
7016
5557
3829
1564
991
9339
4675
4832
7897
2391
3390
6796
3456
5473
6777
8307
7354
400
7730
2151
126
4618
3659
741
2879
896
6688
2323
3974
8161
1613
1676
3409
3339
6112
4741
4826
7554
6199
6631
8378
529
6665
674
8230
7624
7975
8008
2771
3747
4064
9253
7531
6581
366
3026
5368
3049
1427
6375
2759
520
1884
7763
37
9733
8039
1570
107
5146
8200
4447
2165
3419
5278
8464
7210
5861
740
946
5440
371
1271
3121
1932
5898
8043
8877
9976
8893
7403
3501
3286
5593
6475
2352
4845
4651
7020
3706
4893
3276
232
3769
6337
376
7934
1856
1189
274
3401
8994
3247
3815
5387
788
7536
4331
892
2708
63
3507
1995
4992
123
4546
5597
3252
2087
9502
3131
1452
7757
1865
2354
6767
476
340
2454
5384
4895
2726
1914
4559
4111
5005
5808
9359
9574
7950
8596
9590
8925
4657
8841
5880
7333
8913
3440
8751
1044
6035
1996
1436
4393
2483
2369
1482
5830
3352
1060
6161
2533
4870
9065
8086
7443
1898
3204
6459
262
2316
8943
9414
8342
9874
231
8162
6929
1015
4272
5065
3384
1173
4673
3004
7139
7543
605
9064
6212
3862
214
2610
4635
4038
4524
5238
5976
9938
8573
9220
813
9887
2134
1359
2816
5077
5750
5663
9330
9342
989
4661
3573
2701
1115
3554
7761
2736
4084
4917
9072
8984
7962
7440
979
6740
1882
8061
3282
4990
6986
631
2748
9550
1563
1154
7937
3363
1961
8137
1122
5748
8378
3833
2904
749
2296
6121
6827
5659
9838
9248
7492
6762
6844
2381
2992
8536
9399
5889
2588
1196
9570
5658
4236
1411
8704
8782
9743
2308
4642
8705
7325
4504
8143
8098
3732
3493
148
674
1142
847
2760
1506
4889
8285
9446
1461
5837
3238
74
4214
516
6657
4799
7448
949
6357
9671
4007
344
8230
7151
1019
8925
2206
2141
1969
5626
6491
418
3694
538
5287
1913
5732
2131
6301
6661
6914
2759
5419
8654
3740
2335
3510
8636
5805
2144
1844
7194
6531
6709
8094
2703
1249
3891
7732
2349
8890
6050
888
7232
2851
5854
6557
3048
6478
4799
6394
2666
3696
5991
8273
5771
6350
3181
6248
7721
3999
4467
7388
5705
7613
2417
6693
627
9948
7986
9679
217
2500
8817
5147
4839
5414
9052
924
476
7206
497
9916
5929
4323
6541
1506
5456
4193
1716
1317
3727
9023
445
177
326
728
9296
9926
5191
4974
5998
1485
5815
1859
2399
1104
1340
3730
343
3151
5093
7658
3869
8210
1979
834
627
1718
6661
2075
7447
7826
1859
7233
3153
3188
829
8527
9705
980
4556
8146
6584
7505
8278
8098
7435
9912
3763
793
6798
2672
6633
1203
6381
8769
9169
8299
1492
4496
9459
4790
4590
2067
6963
3746
9674
5743
6959
9896
5675
6516
3225
1524
1159
2247
7817
5159
8051
4365
2583
617
3677
4636
1650
782
1655
8618
5679
6565
5364
8738
9682
7259
4077
4092
7447
7264
2355
6672
2457
520
4026
6819
6175
9627
4611
242
333
456
5995
8894
9877
1517
9170
7595
7709
7059
9697
7081
193
362
3725
2683
3816
7123
6743
4130
2479
689
622
5375
617
8040
7770
7663
8930
9702
5423
9564
2649
7843
9055
8555
5976
2235
8174
6222
6679
1903
7839
6141
509
7214
2121
1453
6707
5923
1176
4439
8653
9343
4980
6735
153
5589
6681
4293
754
3544
2593
3709
5132
320
4815
8824
193
3894
9696
8205
6192
725
4605
5846
2057
6913
6561
5644
4903
2013
9139
1010
2585
495
8373
3794
147
1604
3529
1082
6850
6788
8307
1818
7177
8814
2786
7173
2926
5318
9909
2576
1637
1825
4092
9706
9820
6067
1498
3452
8936
798
9812
4714
2764
4169
4808
192
8299
4260
5087
3848
6345
6364
8475
2622
5375
3370
9612
324
4180
1484
8249
6820
3265
954
2951
5951
8097
8683
5948
9859
8395
7844
2653
1553
9040
5752
3710
2489
5782
2868
4725
2916
5266
9870
6145
3428
4216
6217
8789
3619
194
3598
3120
2817
1948
8990
7723
95
2341
3697
2093
2210
7030
6675
5485
1017
897
2419
1780
2087
6295
6701
3712
5289
6306
4231
6438
374
4650
8296
1265
8274
1959
2425
4060
3517
9022
3820
19
9067
9708
1677
1874
9207
4056
1672
1068
3451
8632
4536
7620
608
6190
9524
3046
5814
4488
2195
6466
2842
180
7311
7105
8101
6506
6894
2145
8398
3174
6907
871
2833
2395
2318
1989
2628
2310
2586
3687
4553
3817
5501
826
4681
2341
4107
27
3215
6108
634
558
7592
4144
3793
2066
7287
2670
5766
6870
6389
3207
2891
2818
1881
6551
8921
4932
9442
4769
2638
4766
1388
6748
6338
5750
8932
3304
5303
8398
320
9228
5866
529
7332
9600
7162
2956
3368
2519
8835
2416
3880
7895
3611
4226
6845
9606
4258
9845
9335
5574
6499
8635
2075
7456
0
4317
5760
1545
5251
7472
4784
6490
4579
518
135
8342
824
4909
5997
9382
7554
5928
9930
6417
1643
1987
868
860
7040
2032
9304
4604
9782
635
7393
6106
5153
5432
6517
4274
9735
409
1658
5002
8642
9368
4308
1831
2434
7827
6678
5655
8151
1897
394
122
5178
6694
7654
2707
6901
3700
7643
6887
5654
9900
8620
4745
4863
1821
6557
3244
8145
8455
7897
2114
1483
8048
2395
3420
6688
2751
145
806
1685
7955
3393
2671
1864
6012
8809
5976
9666
5668
4051
4954
131
2436
7136
1660
8492
9908
5467
1847
5751
8293
3280
3485
261
4372
127
5046
219
8701
8042
8216
7273
994
2422
7085
8032
5518
857
2423
6670
1381
8233
8732
2277
2047
1166
5730
761
7677
988
8936
3251
2985
5747
7836
9981
3657
267
7242
2720
6835
9349
1185
6950
1992
1153
6290
8522
5390
1309
2270
6970
8035
4162
52
4781
6460
1309
9852
1929
7328
3993
2247
1813
9501
482
4806
1739
9964
3424
6119
2115
1489
7888
5274
7607
2069
2618
9441
2899
6990
2197
1201
9906
5538
1401
9470
5441
80
411
4
6576
2897
4196
1267
8224
9387
570
3383
3943
8833
5968
162
7791
9983
8018
5187
6124
8194
2488
2477
5162
8791
7173
143
2144
9602
2896
2951
3447
4375
3097
9192
6981
8863
4173
6218
1540
4047
7218
6919
3800
2043
5885
5544
6703
489
4895
7480
9903
7109
5235
6300
7947
8138
6626
4949
2466
3324
2275
3899
1722
5533
5097
4026
6987
5761
512
9584
6955
4570
3588
7031
1037
2675
249
6931
262
8137
764
2463
4608
5158
1521
4928
9010
7980
3440
9725
4204
382
7241
3754
6220
9024
6631
4667
8190
2225
9605
4668
1649
2351
560
1733
7578
7715
2098
2199
2686
8951
6343
9133
2716
5086
2855
9514
7268
8025
4226
1937
6659
4874
1045
153
8082
3057
9206
4316
2926
3997
9699
6468
6565
4714
7058
5517
1824
8854
5543
7271
2099
9669
567
3420
8082
8632
5218
1677
9430
8716
4075
2529
9271
2178
4242
3250
7260
4634
7374
8719
2216
9013
7720
6605
5049
7462
9395
6203
9710
5024
6503
7944
7793
2305
7720
7188
8365
5344
1765
1744
1080
383
8041
1190
9139
9141
3333
5366
6319
330
1671
7115
6941
4572
5132
6150
7919
7604
5133
6693
1336
8404
5068
1429
1071
661
746
1098
786
808
1656
1466
6297
7998
4790
8680
8393
9055
7224
7512
1542
2990
8829
304
9572
4196
8889
5485
2205
7641
3837
3202
518
4931
6922
8223
1423
7461
389
1523
9414
1054
5960
3033
1565
6545
5294
4752
9868
3115
6674
6227
9500
5812
3594
361
6545
7807
2817
8464
5287
1628
3957
8209
7719
2517
8254
1712
7055
5243
4586
4168
7435
3795
6949
7690
2951
8651
3703
8488
4834
9141
2892
867
1337
3094
1759
5863
6020
7034
5684
9806
4048
8622
5110
3363
1590
4801
8653
7603
7401
939
7625
7068
3167
6716
732
4931
7343
4582
3035
7135
3529
2267
8576
5157
1655
2872
4424
3119
7533
2529
1329
1515
1992
1744
3409
882
6858
4388
5557
109
564
5958
7370
5647
2510
7007
6608
1617
1948
612
8583
6893
2815
6440
4041
3460
905
9956
6621
3043
732
665
8082
1608
8769
5255
9295
7808
3058
151
3044
588
9472
51
2176
7726
9102
1663
7403
5406
3708
1357
8433
9165
255
2179
2449
4423
8211
949
719
6474
4513
4686
7490
1509
1416
5337
8357
7492
1085
2567
8576
8808
8474
540
1177
1732
9725
4268
5135
8301
8637
5563
6304
4149
4355
4738
4784
5796
6053
8449
5039
7478
5835
5419
3225
2698
8949
9829
8993
4895
1547
8587
5933
1262
5307
550
167
6903
1226
4920
8470
4312
3876
9440
470
4937
1883
9125
6612
2160
4035
9001
7183
3523
4733
7566
3928
9018
5352
4775
7871
7855
6525
1953
4222
8699
8543
189
3868
8719
6832
4536
1174
8258
6463
2829
6594
8271
5343
2077
5511
2358
3863
8261
6423
5849
1612
514
4588
5929
1044
4898
5908
8214
2028
8934
5434
6898
3984
4397
6470
2996
6583
6518
8824
984
304
2100
1300
6705
94
1876
5156
1621
9795
4678
9611
9733
6376
4611
1936
2447
8107
4207
9505
6799
1896
3306
6621
212
8488
8862
3290
6961
9496
4406
3578
210
7969
2676
8504
2559
3599
3405
2424
5966
5685
5836
1087
1871
3677
2816
3228
6996
5642
6267
764
6443
6919
4021
2593
8204
5970
2727
5728
4643
6033
3343
3350
7426
9110
5395
9064
5936
485
4541
5288
1619
2897
7170
6222
5400
9127
6974
7922
4852
8885
2908
3215
2920
5061
2038
1054
6462
8654
3139
6587
2353
9412
9194
2856
3348
1203
9759
4389
6018
4001
5305
116
205
1112
431
3987
2653
2291
3656
8429
8956
6698
9649
9869
6151
39
3883
4338
8566
3590
3164
5258
7276
9823
6985
6220
7093
3826
9927
4596
9266
7122
5525
5503
3594
7911
9859
756
5401
9894
4217
687
7427
4819
9668
5553
7773
1350
344
8216
7649
4511
3055
7691
6302
3275
2454
6603
5573
486
6694
4561
7714
4975
2969
8118
5042
9024
854
8948
3908
6107
9898
1752
512
4119
8752
5949
633
8592
7745
2302
4202
8422
3333
6746
3667
1414
6376
4549
3733
5715
883
5474
6575
2473
1279
6456
1799
6496
823
3988
8963
6310
7540
6211
4127
4450
862
4631
2893
9874
2373
1666
9783
8967
5458
1630
6312
3037
4379
424
6016
4557
7848
7576
8424
9317
151
6140
918
2777
7454
2301
1275
3488
7244
6813
2494
8640
6535
269
4610
2166
5134
3274
467
4492
448
968
9030
4535
779
6928
8260
3218
3700
1421
2820
7518
2039
5208
8922
5092
1378
2765
7335
5823
7666
6492
2234
6155
3906
7165
6097
2809
2312
5586
3178
4769
8323
8022
4802
9447
5752
1521
5621
294
2853
6012
2574
9957
114
9917
1200
296
7935
8354
8053
8348
4483
3510
9111
150
5048
1223
3573
4666
8105
8784
1747
9388
8022
8601
9627
6701
591
733
8289
6125
4653
5968
3814
9076
8157
3546
152
1198
2780
2524
9861
1302
1707
9676
2348
1933
840
2826
3035
2405
4806
2860
8557
481
9529
6743
4471
7138
380
531
2186
7969
3796
2395
7469
1531
7090
2663
5238
4791
6237
1701
2539
9466
9475
7346
1580
7106
4919
2628
2334
3859
1723
7221
8864
3795
6513
6916
967
7250
8756
9741
8019
2008
29
6513
4726
4403
6381
4931
6770
9102
6615
6479
4459
9176
8201
6403
6294
789
135
1861
965
5510
4722
607
2505
6214
3699
6483
4192
5004
5956
1093
284
5982
3241
6939
4320
9171
8943
2774
1827
2808
1683
5784
6019
8534
5996
4909
5999
5741
9879
3905
4042
1512
343
5202
7862
9202
6259
475
8142
659
6702
7339
9973
9588
6727
8598
1534
1023
6818
2755
243
3000
6274
2053
8802
5232
2076
2909
1654
3160
7889
9447
5536
137
1696
7856
8222
6661
9399
3007
6167
5565
5476
6571
3115
1280
807
445
3771
394
9661
1233
6707
8307
5235
2528
6874
3175
7688
5877
1248
4903
2610
4199
4684
3953
7027
545
3577
1024
3855
4953
2896
3560
9179
8035
888
1352
4648
8863
4921
6586
2283
2063
7417
7365
6665
491
1247
9478
8835
9725
8625
5661
7621
3587
8199
5477
2454
9888
8283
4953
3746
563
3832
7
6649
1191
7816
4944
1944
5521
7860
2748
1415
7659
7659
2577
9252
6264
2282
3977
6299
8445
1824
9894
2511
4003
6836
7385
4136
497
4300
1389
3668
471
2775
6527
8569
2971
5236
5820
4917
148
6666
7170
2672
6347
9774
5271
1162
540
371
1729
7488
3563
3479
9724
8527
3551
8854
952
7802
8794
5195
9670
7538
1819
5859
7363
2991
8464
1559
1636
8875
8804
2972
3986
2752
7145
2691
2566
7655
5221
2829
1133
5525
2653
9412
212
4447
2086
413
6852
2415
8595
1203
5830
9214
681
8446
7461
3475
9957
605
3679
3593
7807
8108
6265
2783
1612
7922
5178
1937
8156
7703
326
9193
6222
4385
7198
9852
5947
1286
4380
5913
5491
8571
7746
325
1123
1587
7372
3066
6021
2221
8825
4876
5764
5618
2082
2826
4043
259
2112
2240
4007
4423
1465
5544
2031
1328
8737
9256
2871
667
2972
8716
9112
2581
8206
7281
5752
7571
2161
4668
5139
7880
3497
95
6070
645
1519
2155
4796
4119
7510
2709
7367
3458
3345
2026
54
471
3203
7596
2264
2368
6344
1099
5652
4063
1779
6068
7160
5915
5179
3781
4818
8106
9526
9971
5223
6623
137
3406
3959
1537
2684
3999
8621
5269
783
2969
610
1931
3707
5404
8846
4258
734
3194
5174
1570
6558
1296
5003
8060
6284
5235
8843
744
9472
2407
6356
7639
1590
6092
6662
8420
3123
6657
4804
5101
3266
6967
9969
9172
5403
771
5358
48
2276
5819
514
8900
2141
6454
6628
3909
9313
8198
3601
4144
7064
9015
1497
9791
4970
185
391
2975
1088
9384
5549
6252
8885
9631
8407
6770
718
6733
6931
5347
6623
9973
5939
2380
1973
1536
9932
3212
2163
2958
6022
1502
6488
6526
7372
6662
5319
4666
1588
6815
4372
6007
9389
6639
9394
8898
4818
5487
9343
2125
8591
553
6748
8112
7081
7499
3967
3121
3585
5307
5970
6498
8684
7273
7521
6717
5236
9592
6672
3225
7602
5814
2402
1448
215
2461
8857
9593
7806
8066
2833
6012
3385
2637
4624
8235
5234
6211
2247
1535
5287
6062
3843
560
3470
3270
935
5799
1314
502
4574
5695
4809
1498
3131
6131
751
4761
6558
5100
3254
5991
8240
6219
2930
2773
5718
2398
6412
688
1630
6552
5826
7716
964
6945
1006
5409
4567
5331
9477
2268
8589
1889
5439
6502
5921
4728
6123
6305
1145
5327
8610
9182
1971
8340
7614
2004
2505
7875
9526
814
5766
8631
3753
4022
8327
4826
1434
224
980
3770
5340
3447
6628
2577
1431
7273
7172
9981
8243
9401
8143
1741
7497
1087
7485
6006
4152
1347
2757
191
8369
1776
5640
2055
2740
2256
2449
8596
2948
4693
7229
5656
4702
3323
2554
8136
8685
6074
2659
9245
9709
9476
5842
2044
2755
119
2690
5280
1450
9997
4039
652
5663
7240
5464
2565
1454
2965
1852
8628
4694
5824
7403
9236
6007
1062
2957
9220
184
4822
3224
2851
2873
5054
3700
7974
4395
6616
8857
5110
5391
1176
9332
8917
8259
8049
1304
1991
4523
1530
7568
4396
5814
5715
5497
7308
7214
1833
3660
176
6304
2076
8325
1741
5583
2678
7673
9436
143
117
7057
3790
1019
7305
5432
5269
9075
6796
6979
7929
8396
5157
1310
3338
8426
1380
1498
1763
3480
1812
9064
637
1451
6008
9065
7558
7950
3459
994
1721
4731
8342
8602
9495
1834
8817
4732
7554
9564
4179
2412
1167
3887
4527
295
5578
6956
1941
7802
6796
4204
3912
8638
1065
9716
2925
5179
2495
1965
3055
4293
742
5923
8370
6402
2573
9776
5114
2710
614
4234
4583
4810
3063
505
4988
3105
307
299
8645
9493
9001
6722
6311
6396
7629
3740
5043
3283
4892
6248
7897
5965
182
5928
2092
432
6326
4131
840
2511
3036
4324
2014
4030
508
3791
3334
898
1724
5171
7066
9409
5963
881
4128
1470
8417
5444
920
9918
8931
2979
2987
6485
4834
5038
6457
8873
9384
7800
6399
9162
6499
7335
9561
1535
2634
5452
8122
7952
4329
4831
8223
3002
1855
3565
3249
1156
7995
6924
1785
1746
4955
3591
4895
6819
1004
9492
4091
2378
7894
3722
3191
4690
7968
2315
6320
518
824
1356
4607
8374
981
5014
3326
2328
97
7244
7171
2959
8432
8813
2082
3877
4402
1266
2090
5889
9364
2100
9555
7356
8468
2687
3508
6790
4342
3560
8783
4378
5644
1979
9309
8951
7601
5562
3313
425
231
1982
3584
7903
4973
4271
3013
4333
8326
6422
